0 9.999997218914e-01
1 9.999995314044e-01
2 1.000000092294e+00
3 1.000000007827e+00
4 9.999999700576e-01
5 9.999999948559e-01
6 9.999963676502e-01
7 1.000001701318e+00
8 1.000000136785e+00
9 1.000000001337e+00
10 1.000000014269e+00
11 9.999999865098e-01
12 9.999998324396e-01
13 9.999990423647e-01
14 9.999991861599e-01
15 1.000000018325e+00
16 1.000000014188e+00
17 1.000000000990e+00
18 9.999993178465e-01
19 9.999998689687e-01
20 1.000000486930e+00
21 1.000000000482e+00
22 9.999999908836e-01
23 9.999999977971e-01
24 9.999995460535e-01
25 9.999995314044e-01
26 1.000000074732e+00
27 9.999999876064e-01
28 9.999999969955e-01
29 9.999999965279e-01
30 9.999992566263e-01
31 9.999998162616e-01
32 1.000000504626e+00
33 1.000000000403e+00
34 9.999999998583e-01
35 9.999999983738e-01
36 9.999998503253e-01
37 9.999995314044e-01
38 1.000000499542e+00
39 1.000000000770e+00
40 9.999999980968e-01
41 1.000000000461e+00
42 9.999993142152e-01
43 9.999996378100e-01
44 1.000000429519e+00
45 1.000000000468e+00
46 1.000000004711e+00
47 1.000000000280e+00
48 9.999992813901e-01
49 1.000000075187e+00
50 1.000000477580e+00
51 1.000001770934e+00
52 1.000000008342e+00
53 1.000001770170e+00
54 9.999999414041e-01
55 9.999969375195e-01
56 9.999999824343e-01
57 9.999999995825e-01
58 1.000000000196e+00
59 1.000000012074e+00
60 9.999995766056e-01
61 9.999997180843e-01
62 1.000000489585e+00
63 9.999999956785e-01
64 1.000000001497e+00
65 1.000000001080e+00
66 9.999993182814e-01
67 9.999997775030e-01
68 1.000000432082e+00
69 1.000000000244e+00
70 9.999999956405e-01
71 1.000000000065e+00
72 9.999999368460e-01
73 9.999995456630e-01
74 1.000000498424e+00
75 1.000000004119e+00
76 1.000000002403e+00
77 9.999999982733e-01
78 1.000000019306e+00
79 1.000000242579e+00
80 1.000000521178e+00
81 9.999999991177e-01
82 1.000000006499e+00
83 9.999999984771e-01
84 9.999998143439e-01
85 9.999995314044e-01
86 9.999995314044e-01
87 1.000000014679e+00
88 1.000000001334e+00
89 9.999999953682e-01
90 9.999997021918e-01
91 9.999998362349e-01
92 1.000000569127e+00
93 9.999999996670e-01
94 9.999999991747e-01
95 9.999999999901e-01
96 9.999998874038e-01
97 9.999998789997e-01
98 1.000000306175e+00
99 1.000000002659e+00
100 9.999999993226e-01
101 1.000000001314e+00
102 9.999996509893e-01
103 1.000000003137e+00
104 1.000000589582e+00
105 1.000000001086e+00
106 9.999999988494e-01
107 1.000000001845e+00
108 9.999996749304e-01
109 9.999999600757e-01
110 1.000000799609e+00
111 1.000000001507e+00
112 1.000000004640e+00
113 1.000000004412e+00
114 9.999995314044e-01
115 9.999995314044e-01
116 1.000000398754e+00
117 9.999999999770e-01
118 9.999999948027e-01
119 1.000000007755e+00
120 9.999997140705e-01
121 1.000000487863e+00
122 1.000000419192e+00
123 1.000000000968e+00
124 9.999999998324e-01
125 1.000000000869e+00
126 9.999998064663e-01
127 9.999999825553e-01
128 1.000000341422e+00
129 9.999999990272e-01
130 9.999999988839e-01
131 1.000000001471e+00
132 9.999941534354e-01
133 1.000003465400e+00
134 1.000000069218e+00
135 9.999999997749e-01
136 9.999999995632e-01
137 9.999999772913e-01
138 1.000000016084e+00
139 9.999999099672e-01
140 1.000000267216e+00
141 1.000000000119e+00
142 1.000000000455e+00
143 9.999999984005e-01
144 9.999997886810e-01
145 1.000000111775e+00
146 1.000000560893e+00
147 9.999999984897e-01
148 9.999999998635e-01
149 1.000000002325e+00
150 9.999999905316e-01
151 9.999999806779e-01
152 1.000000474209e+00
153 1.000000000996e+00
154 9.999999999359e-01
155 9.999999982091e-01
156 9.999996568685e-01
157 1.000000142064e+00
158 1.000000835974e+00
159 9.999999985235e-01
160 9.999999994167e-01
161 1.000000003525e+00
162 9.999996824216e-01
163 1.000000749106e+00
164 1.000000821312e+00
165 9.999999998785e-01
166 1.000000000916e+00
167 1.000000002897e+00
168 9.999996965054e-01
169 1.000000601692e+00
170 1.000000803960e+00
171 1.000000001839e+00
172 9.999999998065e-01
173 1.000000000318e+00
174 9.999999305925e-01
175 1.000004134885e+00
176 1.000007174405e+00
177 9.999999739544e-01
178 9.999999993084e-01
179 1.000000001222e+00
180 1.000000088986e+00
181 1.000000180895e+00
182 1.000000636649e+00
183 9.999999977756e-01
184 9.999999978438e-01
185 9.999999991204e-01
186 9.999998213985e-01
187 1.000000534000e+00
188 1.000000480451e+00
189 1.000000000901e+00
190 1.000000000245e+00
191 1.000000001041e+00
192 9.999999222157e-01
193 1.000000363549e+00
194 1.000000613043e+00
195 1.000000001192e+00
196 1.000000001303e+00
197 9.999999996839e-01
198 9.999998328876e-01
199 9.999995314044e-01
200 9.999995314044e-01
201 9.999999874535e-01
202 1.000000001416e+00
203 9.999999931412e-01
204 9.999999413714e-01
205 9.999997601303e-01
206 1.000000316911e+00
207 9.999999981729e-01
208 9.999999970538e-01
209 9.999999977070e-01
210 9.999999010715e-01
211 1.000001218614e+00
212 1.000000439197e+00
213 1.000000093874e+00
214 1.000000002318e+00
215 1.000000095969e+00
216 9.999996663177e-01
217 1.000000864175e+00
218 1.000000269126e+00
219 9.999999974706e-01
220 1.000000003011e+00
221 1.000000001440e+00
222 9.999995431579e-01
223 9.999993954773e-01
224 1.000000473247e+00
225 9.999999990929e-01
226 1.000000000096e+00
227 1.000000004389e+00
228 9.999998446029e-01
229 9.999996416964e-01
230 1.000000465956e+00
231 9.999999988404e-01
232 1.000000000711e+00
233 9.999999999331e-01
234 9.999996719244e-01
235 1.000000689419e+00
236 1.000000688851e+00
237 9.999999996029e-01
238 1.000000000511e+00
239 1.000000001878e+00
240 9.999999290532e-01
241 1.000000956346e+00
242 1.000000528165e+00
243 1.000000001011e+00
244 1.000000000584e+00
245 9.999999991528e-01
246 9.999995314044e-01
247 9.999995314044e-01
248 1.000000239705e+00
249 9.999999954061e-01
250 1.000000003427e+00
251 9.999999861857e-01
252 1.000000016756e+00
253 1.000000104311e+00
254 1.000000452965e+00
255 9.999999963369e-01
256 1.000000004243e+00
257 9.999999996433e-01
258 9.999999821994e-01
259 1.000000152060e+00
260 1.000000498731e+00
261 1.000000085218e+00
262 9.999999950619e-01
263 1.000000082349e+00
264 9.999998396552e-01
265 1.000000417692e+00
266 1.000000428563e+00
267 1.000000000249e+00
268 9.999999997792e-01
269 9.999999987725e-01
270 9.999999767376e-01
271 1.000000181558e+00
272 1.000000434937e+00
273 1.000000000662e+00
274 1.000000000671e+00
275 9.999999990829e-01
276 1.000000038520e+00
277 9.999969677182e-01
278 1.000000025795e+00
279 9.999999999779e-01
280 1.000000000839e+00
281 1.000000011590e+00
282 9.999997882113e-01
283 9.999996501750e-01
284 1.000000385245e+00
285 1.000000002424e+00
286 1.000000000025e+00
287 1.000000000129e+00
288 9.999996371490e-01
289 1.000000871208e+00
290 1.000000486099e+00
291 9.999999987164e-01
292 9.999999997156e-01
293 9.999999987997e-01
294 9.999997885103e-01
295 9.999997697001e-01
296 1.000000339119e+00
297 1.000000002223e+00
298 1.000000000233e+00
299 1.000000002163e+00
300 1.000000012426e+00
301 9.999995314044e-01
302 9.999995314044e-01
303 1.000000012496e+00
304 9.999999978073e-01
305 9.999999976933e-01
306 9.999949516262e-01
307 1.000003203731e+00
308 1.000000095191e+00
309 9.999999992650e-01
310 9.999999994235e-01
311 9.999999880207e-01
312 9.999997152084e-01
313 1.000000480731e+00
314 1.000000471981e+00
315 9.999999993489e-01
316 1.000000000426e+00
317 9.999999981100e-01
318 9.999996928239e-01
319 1.000000419952e+00
320 1.000000677222e+00
321 1.000000000410e+00
322 9.999999997740e-01
323 1.000000001145e+00
324 9.999995131520e-01
325 1.000000059975e+00
326 1.000000229182e+00
327 1.000000001908e+00
328 1.000000000094e+00
329 1.000000001925e+00
330 9.999996042243e-01
331 1.000000742508e+00
332 1.000000354525e+00
333 9.999999993682e-01
334 1.000000000451e+00
335 9.999999991883e-01
336 9.999996405867e-01
337 1.000000488963e+00
338 1.000000328107e+00
339 1.000000001077e+00
340 1.000000002019e+00
341 9.999999986897e-01
342 1.000000004839e+00
343 9.999971469986e-01
344 1.000000064462e+00
345 1.000000012175e+00
346 1.000000001292e+00
347 1.000000000744e+00
348 9.999998168809e-01
349 1.000000030365e+00
350 1.000000263640e+00
351 1.000000001153e+00
352 9.999999999961e-01
353 9.999999946434e-01
354 9.999997933022e-01
355 1.000000105325e+00
356 1.000000227907e+00
357 9.999999990980e-01
358 1.000000000646e+00
359 9.999999996137e-01
360 9.999996430792e-01
361 9.999999320807e-01
362 1.000000175651e+00
363 1.000000000082e+00
364 1.000000000676e+00
365 9.999999984466e-01
366 9.999996079983e-01
367 1.000000033979e+00
368 1.000000070651e+00
369 9.999999998468e-01
370 1.000000000499e+00
371 9.999999996494e-01
372 9.999999738065e-01
373 1.000000438461e+00
374 1.000000191548e+00
375 1.000000001535e+00
376 9.999999999679e-01
377 1.000000001774e+00
378 9.999997664736e-01
379 1.000000359072e+00
380 1.000000309955e+00
381 1.000000001622e+00
382 1.000000000720e+00
383 1.000000002027e+00
384 9.999997995561e-01
385 1.000000172600e+00
386 9.999999730790e-01
387 9.999999986820e-01
388 1.000000001998e+00
389 9.999999963776e-01
390 9.999999441082e-01
391 9.999995314044e-01
392 1.000000259062e+00
393 9.999999914678e-01
394 9.999999974996e-01
395 9.999999996402e-01
396 9.999999453759e-01
397 1.000000048308e+00
398 9.999999514426e-01
399 9.999999987989e-01
400 9.999999962765e-01
401 9.999999950034e-01
402 9.999998412308e-01
403 9.999997451781e-01
404 1.000000010309e+00
405 9.999999982508e-01
406 9.999999986884e-01
407 1.000000000979e+00
408 9.999995611057e-01
409 9.999995314044e-01
410 1.000000344481e+00
411 1.000000016325e+00
412 1.000000014996e+00
413 9.999999965028e-01
414 9.999858506793e-01
415 1.000007815434e+00
416 9.999997975201e-01
417 1.000000005436e+00
418 9.999999951789e-01
419 9.999999377497e-01
420 9.999996585563e-01
421 1.000000413405e+00
422 1.000000443215e+00
423 9.999999999566e-01
424 1.000000001336e+00
425 9.999999998035e-01
426 9.999996809392e-01
427 1.000000440078e+00
428 1.000000256942e+00
429 9.999999984646e-01
430 1.000000000852e+00
431 1.000000000463e+00
432 9.999995222364e-01
433 1.000000266896e+00
434 1.000000418242e+00
435 1.000000001539e+00
436 9.999999996812e-01
437 1.000000000441e+00
438 9.999995809886e-01
439 1.000000649696e+00
440 1.000000293648e+00
441 1.000000020483e+00
442 9.999999992114e-01
443 9.999999837175e-01
444 9.999996282475e-01
445 1.000000819946e+00
446 1.000000242682e+00
447 1.000000001940e+00
448 9.999999991855e-01
449 1.000000000756e+00
450 9.999996527477e-01
451 1.000000648589e+00
452 1.000000264846e+00
453 1.000000001763e+00
454 9.999999998675e-01
455 1.000000001562e+00
456 9.999996904154e-01
457 1.000000395331e+00
458 1.000000221228e+00
459 1.000000000330e+00
460 1.000000001016e+00
461 9.999999977862e-01
462 9.999996377935e-01
463 1.000000167793e+00
464 1.000000134159e+00
465 1.000000001272e+00
466 1.000000000483e+00
467 9.999999987705e-01
468 9.999995314044e-01
469 9.999995314044e-01
470 1.000000153473e+00
471 9.999999943962e-01
472 9.999999995316e-01
473 1.000000011327e+00
474 1.000000048062e+00
475 9.999993688114e-01
476 1.000000051349e+00
477 9.999999996635e-01
478 9.999999998422e-01
479 9.999999986950e-01
480 9.999998008051e-01
481 9.999999626491e-01
482 1.000000271354e+00
483 1.000000000934e+00
484 1.000000001095e+00
485 9.999999984331e-01
486 9.999997802254e-01
487 9.999998264288e-01
488 1.000000090531e+00
489 9.999999991963e-01
490 9.999999996841e-01
491 9.999999996861e-01
492 9.999997060831e-01
493 1.000000086098e+00
494 1.000000160636e+00
495 1.000000004193e+00
496 9.999999987103e-01
497 9.999999943276e-01
498 9.999995851536e-01
499 9.999995593623e-01
500 1.000000224084e+00
501 1.000000001080e+00
502 9.999999998122e-01
503 9.999999982387e-01
504 9.999998449614e-01
505 1.000000700934e+00
506 1.000000279141e+00
507 9.999999998166e-01
508 9.999999999475e-01
509 1.000000000379e+00
510 9.999997852062e-01
511 1.000000396733e+00
512 1.000000067322e+00
513 9.999999983737e-01
514 9.999999997450e-01
515 1.000000001123e+00
516 9.999998485915e-01
517 9.999994242671e-01
518 1.000000332391e+00
519 9.999999981071e-01
520 9.999999981955e-01
521 1.000000001148e+00
522 9.999999583951e-01
523 9.999998099662e-01
524 1.000000223061e+00
525 9.999999992397e-01
526 9.999999991331e-01
527 9.999999992330e-01
528 9.999999243831e-01
529 9.999999508179e-01
530 1.000000059832e+00
531 9.999999985408e-01
532 9.999999999786e-01
533 1.000000001760e+00
534 9.999995058444e-01
535 9.999995298991e-01
536 1.000000488312e+00
537 9.999999954129e-01
538 1.000000005573e+00
539 9.999999897356e-01
540 9.999997772258e-01
541 9.999992601500e-01
542 1.000000372405e+00
543 9.999999998855e-01
544 1.000000000409e+00
545 9.999999983080e-01
546 9.999993484245e-01
547 9.999995314044e-01
548 1.000000060411e+00
549 9.999999598218e-01
550 1.000000006003e+00
551 1.000000039017e+00
552 9.999993714439e-01
553 9.999993079743e-01
554 1.000000522864e+00
555 1.000000007537e+00
556 9.999999991034e-01
557 9.999999950392e-01
558 9.999994383428e-01
559 9.999981672452e-01
560 1.000000558213e+00
561 1.000000203473e+00
562 1.000000001628e+00
563 9.999997999247e-01
564 9.999996718453e-01
565 1.000000383992e+00
566 1.000000197908e+00
567 9.999999985535e-01
568 1.000000000292e+00
569 9.999999995455e-01
570 9.999995287481e-01
571 1.000000413244e+00
572 1.000000406283e+00
573 1.000000001133e+00
574 9.999999989700e-01
575 1.000000003005e+00
576 9.999997569747e-01
577 1.000000329851e+00
578 1.000000174070e+00
579 9.999999996306e-01
580 1.000000000571e+00
581 9.999999997387e-01
582 9.999997123712e-01
583 1.000000728689e+00
584 1.000000394837e+00
585 1.000000001422e+00
586 9.999999995926e-01
587 9.999999991298e-01
588 9.999997973079e-01
589 1.000000776493e+00
590 1.000000352936e+00
591 9.999999990509e-01
592 9.999999988897e-01
593 1.000000000105e+00
594 9.999997849381e-01
595 1.000000448341e+00
596 1.000000136391e+00
597 1.000000000121e+00
598 9.999999996777e-01
599 1.000000002301e+00
600 9.999996835928e-01
601 9.999998231569e-01
602 1.000000176766e+00
603 1.000000001348e+00
604 9.999999996688e-01
605 9.999999996129e-01
606 9.999999265551e-01
607 1.000003164333e+00
608 1.000004804469e+00
609 9.999999822591e-01
610 9.999999969607e-01
611 1.000000003559e+00
612 9.999996126510e-01
613 9.999999164838e-01
614 9.999997012996e-01
615 9.999999953155e-01
616 9.999999971588e-01
617 1.000000001844e+00
618 9.999997995513e-01
619 9.999993735878e-01
620 9.999999385028e-01
621 1.000000000731e+00
622 1.000000000789e+00
623 9.999999996914e-01
624 9.999997722366e-01
625 9.999994501916e-01
626 9.999997902911e-01
627 9.999999993827e-01
628 1.000000001459e+00
629 1.000000001375e+00
630 9.999997833790e-01
631 9.999998107278e-01
632 1.000000248191e+00
633 9.999999997250e-01
634 1.000000000443e+00
635 9.999999993321e-01
636 9.999997394710e-01
637 9.999996954752e-01
638 9.999999182706e-01
639 1.000000001179e+00
640 9.999999998876e-01
641 1.000000001393e+00
642 9.999999890767e-01
643 1.000000426967e+00
644 1.000000278009e+00
645 9.999999983254e-01
646 1.000000000059e+00
647 9.999999998060e-01
648 9.999999758591e-01
649 9.999990461941e-01
650 1.000000294179e+00
651 9.999999983030e-01
652 9.999999994431e-01
653 9.999999984127e-01
654 1.000000014696e+00
655 9.999997348814e-01
656 1.000000300725e+00
657 9.999999973470e-01
658 9.999999999913e-01
659 1.000000000505e+00
660 9.999998597933e-01
661 9.999996226743e-01
662 1.000000019826e+00
663 9.999999969012e-01
664 9.999999996449e-01
665 1.000000002482e+00
666 9.999994920333e-01
667 9.999992368756e-01
668 1.000000526174e+00
669 1.000000000754e+00
670 9.999999996106e-01
671 1.000000004088e+00
672 9.999998513633e-01
673 9.999988470457e-01
674 1.000000321934e+00
675 1.000000001113e+00
676 1.000000000241e+00
677 9.999999993608e-01
678 9.999990864627e-01
679 1.000007864352e+00
680 9.999865694351e-01
681 1.000000061331e+00
682 1.000000000658e+00
683 9.999999947717e-01
684 9.999993519367e-01
685 9.999992872213e-01
686 1.000000550396e+00
687 1.000000006019e+00
688 9.999999950081e-01
689 1.000000003228e+00
690 9.999997154266e-01
691 1.000000815779e+00
692 1.000000410525e+00
693 9.999999994673e-01
694 1.000000000056e+00
695 1.000000000434e+00
696 9.999996832067e-01
697 1.000000076867e+00
698 9.999999163725e-01
699 1.000000001915e+00
700 1.000000000197e+00
701 1.000000002045e+00
702 9.999996517966e-01
703 1.000000259580e+00
704 1.000000099283e+00
705 9.999999991351e-01
706 1.000000000002e+00
707 1.000000000504e+00
708 9.999995556356e-01
709 1.000000011790e+00
710 1.000000072236e+00
711 9.999999991876e-01
712 9.999999998930e-01
713 1.000000001763e+00
714 9.999996460019e-01
715 1.000000808467e+00
716 1.000000309320e+00
717 1.000000001025e+00
718 9.999999998627e-01
719 9.999999984012e-01
720 9.999996496380e-01
721 1.000000107144e+00
722 9.999999224732e-01
723 9.999999966176e-01
724 9.999999998158e-01
725 1.000000000249e+00
726 9.999996569890e-01
727 1.000000751322e+00
728 1.000000171138e+00
729 9.999999995326e-01
730 1.000000000361e+00
731 9.999999991598e-01
732 9.999999590102e-01
733 1.000000430118e+00
734 1.000000417909e+00
735 9.999999986361e-01
736 9.999999995685e-01
737 9.999999998068e-01
738 9.999996513408e-01
739 1.000000648681e+00
740 1.000000162504e+00
741 9.999999977515e-01
742 1.000000001304e+00
743 1.000000001384e+00
744 9.999996089394e-01
745 1.000000745295e+00
746 9.999999340792e-01
747 1.000000002010e+00
748 1.000000000506e+00
749 1.000000002385e+00
750 9.999997613126e-01
751 9.999995314044e-01
752 9.999996167409e-01
753 9.999999997834e-01
754 1.000000003462e+00
755 9.999999736590e-01
756 9.999996745050e-01
757 9.999999410972e-01
758 9.999997555928e-01
759 9.999999948842e-01
760 1.000000001498e+00
761 1.000000000115e+00
762 9.999997010231e-01
763 9.999999406490e-01
764 9.999997870684e-01
765 1.000000007310e+00
766 1.000000000566e+00
767 9.999999928707e-01
768 9.999998395068e-01
769 9.999995631409e-01
770 9.999997143162e-01
771 1.000000002413e+00
772 1.000000000892e+00
773 1.000000001463e+00
774 9.999997045383e-01
775 9.999998521306e-01
776 9.999997604129e-01
777 1.000000000332e+00
778 1.000000000028e+00
779 1.000000001053e+00
780 9.999996368280e-01
781 1.000000609421e+00
782 1.000000080512e+00
783 1.000000002628e+00
784 1.000000000498e+00
785 1.000000003740e+00
786 9.999996465664e-01
787 1.000000657719e+00
788 9.999997589731e-01
789 1.000000001623e+00
790 9.999999991394e-01
791 1.000000001408e+00
792 1.000000049811e+00
793 1.000000099324e+00
794 1.000000445286e+00
795 9.999999990852e-01
796 9.999999996112e-01
797 1.000000000555e+00
798 9.999999691125e-01
799 9.999988869791e-01
800 1.000000098545e+00
801 9.999999992982e-01
802 9.999999988301e-01
803 1.000000005732e+00
804 9.999999259779e-01
805 9.999996352055e-01
806 1.000000105350e+00
807 9.999999975923e-01
808 9.999999996173e-01
809 1.000000002567e+00
810 9.999999442623e-01
811 9.999999186744e-01
812 1.000000044166e+00
813 9.999999989656e-01
814 9.999999998819e-01
815 1.000000001124e+00
816 9.999999334155e-01
817 9.999996844161e-01
818 1.000000300734e+00
819 1.000000001936e+00
820 1.000000000913e+00
821 9.999999976967e-01
822 9.999999571287e-01
823 9.999989394982e-01
824 1.000000410631e+00
825 1.000000002956e+00
826 1.000000001079e+00
827 1.000000001573e+00
828 9.999996690829e-01
829 9.999995314044e-01
830 1.000000243731e+00
831 1.000000001988e+00
832 9.999999850463e-01
833 9.999999839778e-01
834 9.999996499537e-01
835 9.999999911469e-01
836 1.000000026555e+00
837 1.000000001636e+00
838 1.000000000609e+00
839 9.999999977747e-01
840 9.999997259739e-01
841 9.999997875440e-01
842 9.999999000269e-01
843 9.999999998884e-01
844 1.000000000435e+00
845 9.999999975681e-01
846 9.999996659385e-01
847 1.000000519293e+00
848 1.000000059344e+00
849 1.000000000179e+00
850 1.000000000088e+00
851 9.999999986526e-01
852 9.999996780011e-01
853 9.999987223983e-01
854 9.999998572030e-01
855 9.999999988788e-01
856 9.999999999575e-01
857 9.999999984046e-01
858 9.999997038116e-01
859 1.000000514195e+00
860 9.999998397109e-01
861 9.999999966542e-01
862 1.000000000081e+00
863 1.000000001968e+00
864 9.999996599445e-01
865 1.000000651854e+00
866 1.000000063085e+00
867 1.000000058010e+00
868 1.000000000498e+00
869 9.999999406746e-01
870 9.999997655724e-01
871 1.000000488151e+00
872 1.000000159328e+00
873 9.999999987734e-01
874 9.999999998408e-01
875 1.000000000464e+00
876 1.000000044082e+00
877 1.000000139638e+00
878 1.000000385314e+00
879 9.999999992988e-01
880 1.000000000739e+00
881 1.000000000541e+00
882 9.999996645615e-01
883 1.000000955660e+00
884 9.999999289383e-01
885 9.999999985921e-01
886 9.999999996662e-01
887 1.000000000764e+00
888 9.999995965220e-01
889 1.000000905671e+00
890 1.000000073455e+00
891 1.000000000700e+00
892 9.999999996337e-01
893 1.000000000624e+00
894 9.999994649651e-01
895 9.999928626673e-01
896 9.999994051575e-01
897 1.000000029448e+00
898 9.999999997084e-01
899 9.999999985923e-01
900 9.999998210107e-01
901 9.999999822155e-01
902 9.999996153322e-01
903 1.000000000669e+00
904 1.000000000881e+00
905 9.999999916289e-01
906 9.999998843337e-01
907 1.000000077591e+00
908 9.999996282206e-01
909 1.000000000931e+00
910 9.999999996170e-01
911 1.000000001534e+00
912 9.999997011296e-01
913 1.000000693583e+00
914 9.999996998219e-01
915 1.000000001631e+00
916 1.000000000499e+00
917 1.000000001613e+00
918 9.999999397675e-01
919 1.000000413414e+00
920 1.000000027664e+00
921 1.000000000618e+00
922 9.999999992946e-01
923 1.000000000519e+00
924 9.999996790274e-01
925 1.000001469035e+00
926 1.000000103033e+00
927 1.000000042907e+00
928 1.000000000348e+00
929 9.999999600361e-01
930 9.999996576137e-01
931 1.000001048095e+00
932 1.000000098437e+00
933 1.000000001722e+00
934 1.000000000069e+00
935 1.000000001041e+00
936 9.999996254874e-01
937 1.000000895371e+00
938 9.999997975138e-01
939 1.000000000363e+00
940 9.999999992794e-01
941 1.000000000310e+00
942 9.999998989347e-01
943 9.999996397374e-01
944 1.000000077437e+00
945 9.999999986655e-01
946 1.000000000247e+00
947 1.000000001691e+00
948 1.000000074261e+00
949 9.999999151459e-01
950 1.000000306020e+00
951 9.999999991663e-01
952 1.000000000159e+00
953 1.000000001908e+00
954 9.999997818686e-01
955 9.999994627813e-01
956 1.000000278524e+00
957 9.999999987682e-01
958 1.000000003405e+00
959 1.000000001547e+00
960 1.000000021983e+00
961 9.999997722830e-01
962 1.000000219778e+00
963 1.000000000836e+00
964 1.000000000258e+00
965 1.000000002934e+00
966 9.999997331847e-01
967 1.000000043217e+00
968 1.000000212132e+00
969 1.000000000374e+00
970 1.000000001619e+00
971 1.000000002440e+00
972 9.999999351238e-01
973 1.000000760714e+00
974 9.999999933221e-01
975 1.000000001467e+00
976 9.999999980217e-01
977 9.999999958937e-01
978 9.999996755069e-01
979 9.999996620042e-01
980 9.999998533963e-01
981 1.000000002775e+00
982 1.000000000197e+00
983 9.999999992015e-01
984 9.999997091140e-01
985 9.999996584086e-01
986 9.999998331033e-01
987 9.999999979230e-01
988 9.999999992304e-01
989 1.000000002075e+00
990 9.999997675909e-01
991 1.000000563853e+00
992 1.000000082653e+00
993 1.000000000192e+00
994 9.999999995652e-01
995 9.999999999077e-01
996 9.999997201279e-01
997 1.000000074912e+00
998 9.999999126993e-01
999 9.999999968113e-01
1000 1.000000001539e+00
1001 9.999999976970e-01
1002 1.000000056305e+00
1003 1.000000399767e+00
1004 1.000000203078e+00
1005 9.999999996700e-01
1006 1.000000000981e+00
1007 1.000000001135e+00
1008 9.999996394669e-01
1009 1.000001113844e+00
1010 9.999999409297e-01
1011 9.999999994096e-01
1012 9.999999997635e-01
1013 1.000000000304e+00
1014 9.999996330678e-01
1015 1.000001110041e+00
1016 1.000000031606e+00
1017 9.999999972773e-01
1018 9.999999996925e-01
1019 1.000000000023e+00
1020 9.999996847682e-01
1021 9.999995314044e-01
1022 1.000000008690e+00
1023 9.999999941359e-01
1024 9.999999896819e-01
1025 1.000000031616e+00
1026 9.999998237240e-01
1027 9.999991775558e-01
1028 9.999998953839e-01
1029 1.000000001329e+00
1030 9.999999993943e-01
1031 1.000000007813e+00
1032 9.999998916562e-01
1033 1.000000095298e+00
1034 9.999997694964e-01
1035 1.000000005562e+00
1036 9.999999997204e-01
1037 9.999999979712e-01
1038 9.999998821283e-01
1039 1.000000587514e+00
1040 1.000000009225e+00
1041 1.000000001195e+00
1042 1.000000000209e+00
1043 9.999999989015e-01
1044 9.999999517236e-01
1045 1.000000384238e+00
1046 1.000000042704e+00
1047 9.999999996811e-01
1048 1.000000000276e+00
1049 9.999999984794e-01
1050 9.999998941346e-01
1051 1.000000119024e+00
1052 1.000000048448e+00
1053 9.999999965364e-01
1054 9.999999989483e-01
1055 9.999999944676e-01
1056 9.999994366924e-01
1057 1.000000997786e+00
1058 9.999998589790e-01
1059 1.000000000578e+00
1060 1.000000000215e+00
1061 9.999999996301e-01
1062 9.999995361807e-01
1063 1.000000642445e+00
1064 9.999997134427e-01
1065 1.000000000030e+00
1066 9.999999991455e-01
1067 9.999999978383e-01
1068 9.999998878561e-01
1069 9.999999434417e-01
1070 1.000000045596e+00
1071 9.999999987237e-01
1072 1.000000000311e+00
1073 1.000000001526e+00
1074 1.000000050206e+00
1075 1.000000473700e+00
1076 1.000000251419e+00
1077 1.000000001008e+00
1078 9.999999998465e-01
1079 1.000000001479e+00
1080 9.999998041439e-01
1081 9.999995314044e-01
1082 1.000000202623e+00
1083 9.999999997450e-01
1084 1.000000002768e+00
1085 1.000000009379e+00
1086 9.999997785357e-01
1087 9.999999930141e-01
1088 1.000000040416e+00
1089 1.000000005499e+00
1090 1.000000002608e+00
1091 1.000000000452e+00
1092 9.999999911547e-01
1093 1.000000685471e+00
1094 1.000000025631e+00
1095 9.999999992291e-01
1096 1.000000000140e+00
1097 1.000000000206e+00
1098 9.999995955792e-01
1099 1.000001133196e+00
1100 9.999999086665e-01
1101 9.999999996357e-01
1102 9.999999995259e-01
1103 9.999999998466e-01
1104 9.999997946467e-01
1105 9.999999239520e-01
1106 9.999999742371e-01
1107 9.999999980180e-01
1108 1.000000001248e+00
1109 1.000000002580e+00
1110 9.999999110768e-01
1111 1.000000119797e+00
1112 9.999997781669e-01
1113 1.000000002669e+00
1114 1.000000000621e+00
1115 9.999999979642e-01
1116 9.999996750339e-01
1117 9.999993297434e-01
1118 9.999998823765e-01
1119 9.999999980541e-01
1120 9.999999997546e-01
1121 9.999999985660e-01
1122 9.999997401136e-01
1123 9.999990423261e-01
1124 9.999998266146e-01
1125 1.000000000446e+00
1126 9.999999994012e-01
1127 9.999999963208e-01
1128 9.999998790123e-01
1129 9.999989940983e-01
1130 9.999998776172e-01
1131 9.999999984480e-01
1132 1.000000000205e+00
1133 1.000000000162e+00
1134 9.999999233466e-01
1135 1.000000665382e+00
1136 1.000000049478e+00
1137 1.000000001246e+00
1138 1.000000000755e+00
1139 9.999999989905e-01
1140 9.999997005710e-01
1141 9.999990286186e-01
1142 9.999999279323e-01
1143 9.999999989167e-01
1144 9.999999993754e-01
1145 1.000000000367e+00
1146 9.999997133686e-01
1147 1.000000419440e+00
1148 9.999999635808e-01
1149 9.999999970663e-01
1150 9.999999981880e-01
1151 9.999999991858e-01
1152 1.000000139181e+00
1153 1.000000604133e+00
1154 1.000000074315e+00
1155 1.000000000067e+00
1156 9.999999998967e-01
1157 1.000000001015e+00
1158 9.999997497753e-01
1159 1.000000975377e+00
1160 1.000000091353e+00
1161 9.999999977872e-01
1162 1.000000000145e+00
1163 1.000000002331e+00
1164 9.999999612262e-01
1165 1.000005300409e+00
1166 1.000008899896e+00
1167 9.999999740432e-01
1168 1.000000005549e+00
1169 9.999999983823e-01
1170 9.999995006709e-01
1171 9.999997339594e-01
1172 9.999997530068e-01
1173 9.999999863223e-01
1174 9.999999944141e-01
1175 9.999999918274e-01
1176 9.999997939538e-01
1177 9.999992441931e-01
1178 9.999998741612e-01
1179 1.000000001412e+00
1180 1.000000000084e+00
1181 9.999999985501e-01
1182 9.999995876461e-01
1183 9.999991828718e-01
1184 9.999998246974e-01
1185 1.000000002556e+00
1186 9.999999993682e-01
1187 9.999999967191e-01
1188 9.999998940197e-01
1189 1.000000162540e+00
1190 1.000000000545e+00
1191 1.000000000096e+00
1192 1.000000000893e+00
1193 9.999999966948e-01
1194 9.999997032245e-01
1195 1.000000015562e+00
1196 9.999999266219e-01
1197 1.000000001357e+00
1198 9.999999999881e-01
1199 9.999999946640e-01
1200 9.999995822866e-01
1201 1.000000969681e+00
1202 1.000000009922e+00
1203 1.000000000872e+00
1204 9.999999999945e-01
1205 9.999999989188e-01
1206 9.999995708923e-01
1207 1.000000186037e+00
1208 9.999998073143e-01
1209 1.000000001014e+00
1210 1.000000000141e+00
1211 9.999999979997e-01
1212 9.999994987336e-01
1213 9.999999549299e-01
1214 9.999998280557e-01
1215 1.000000000246e+00
1216 1.000000000110e+00
1217 9.999999992794e-01
1218 9.999998990837e-01
1219 1.000000351686e+00
1220 9.999998678424e-01
1221 9.999999986556e-01
1222 1.000000000105e+00
1223 1.000000001261e+00
1224 1.000000070652e+00
1225 1.000000651777e+00
1226 1.000000075990e+00
1227 1.000000000061e+00
1228 1.000000000004e+00
1229 9.999999999667e-01
1230 9.999998483174e-01
1231 1.000003632190e+00
1232 9.999942167586e-01
1233 1.000000025878e+00
1234 1.000000000125e+00
1235 1.000000000601e+00
1236 9.999997703596e-01
1237 1.000000075280e+00
1238 9.999999000358e-01
1239 1.000000002848e+00
1240 9.999999990505e-01
1241 1.000000000672e+00
1242 9.999998791244e-01
1243 9.999996011182e-01
1244 9.999997572090e-01
1245 1.000000002892e+00
1246 9.999999991245e-01
1247 9.999999972299e-01
1248 9.999999346780e-01
1249 1.000000137624e+00
1250 9.999998865491e-01
1251 1.000000001722e+00
1252 9.999999995298e-01
1253 9.999999971731e-01
1254 9.999998974539e-01
1255 9.999989678511e-01
1256 9.999999034497e-01
1257 1.000000000662e+00
1258 1.000000000709e+00
1259 9.999999993700e-01
1260 9.999999194580e-01
1261 9.999989508768e-01
1262 9.999998158878e-01
1263 1.000000005630e+00
1264 1.000000001212e+00
1265 1.000000006788e+00
1266 9.999998876929e-01
1267 9.999991129529e-01
1268 9.999997833322e-01
1269 9.999999993533e-01
1270 9.999999995296e-01
1271 1.000000000350e+00
1272 9.999999023041e-01
1273 1.000000796963e+00
1274 9.999999323737e-01
1275 9.999999988950e-01
1276 1.000000000298e+00
1277 9.999999982630e-01
1278 9.999999044473e-01
1279 1.000000785341e+00
1280 9.999999659627e-01
1281 1.000000000032e+00
1282 1.000000000234e+00
1283 9.999999992801e-01
1284 9.999997342879e-01
1285 9.999995459965e-01
1286 9.999999540078e-01
1287 9.999999966727e-01
1288 9.999999994783e-01
1289 1.000000002285e+00
1290 9.999995222368e-01
1291 1.000000038875e+00
1292 1.000000104999e+00
1293 9.999999965378e-01
1294 9.999999998244e-01
1295 1.000000001920e+00
1296 9.999996589255e-01
1297 1.000001262222e+00
1298 9.999999269834e-01
1299 9.999999804109e-01
1300 1.000000003274e+00
1301 1.000000017302e+00
1302 9.999997794500e-01
1303 1.000000815777e+00
1304 9.999997698685e-01
1305 9.999999998511e-01
1306 1.000000000787e+00
1307 9.999999978856e-01
1308 9.999997478905e-01
1309 9.999995314044e-01
1310 9.999998785885e-01
1311 1.000000020195e+00
1312 9.999999999420e-01
1313 9.999999755899e-01
1314 9.999994265388e-01
1315 9.999993844732e-01
1316 9.999997060672e-01
1317 9.999999935254e-01
1318 1.000000000764e+00
1319 1.000000005937e+00
1320 9.999994146982e-01
1321 9.999967230925e-01
1322 9.999996386302e-01
1323 9.999994390343e-01
1324 1.000000000560e+00
1325 1.000000560234e+00
1326 9.999997796019e-01
1327 9.999993310473e-01
1328 9.999998775847e-01
1329 9.999999926672e-01
1330 1.000000000607e+00
1331 9.999999990474e-01
1332 9.999995637723e-01
1333 9.999997123418e-01
1334 9.999997535567e-01
1335 1.000000008182e+00
1336 1.000000003225e+00
1337 1.000000012524e+00
1338 9.999997024575e-01
1339 9.999998735380e-01
1340 9.999998619087e-01
1341 1.000000002558e+00
1342 9.999999991926e-01
1343 1.000000000419e+00
1344 9.999992778503e-01
1345 9.999936793430e-01
1346 9.999995822655e-01
1347 1.000000002048e+00
1348 9.999999998278e-01
1349 9.999999739868e-01
1350 9.999995293879e-01
1351 9.999999018654e-01
1352 9.999998245233e-01
1353 1.000000006597e+00
1354 9.999999988568e-01
1355 9.999999994717e-01
1356 9.999995569812e-01
1357 1.000000512148e+00
1358 9.999998046353e-01
1359 1.000000001272e+00
1360 9.999999999662e-01
1361 9.999999983381e-01
1362 9.999997383469e-01
1363 1.000000250357e+00
1364 9.999998572620e-01
1365 1.000000000493e+00
1366 9.999999993096e-01
1367 9.999999996456e-01
1368 1.000000111666e+00
1369 1.000000416122e+00
1370 1.000000111319e+00
1371 9.999999981916e-01
1372 1.000000000252e+00
1373 9.999999974710e-01
1374 1.000000068005e+00
1375 1.000000518050e+00
1376 1.000000007319e+00
1377 9.999999987524e-01
1378 9.999999999087e-01
1379 9.999999994740e-01
1380 9.999995314044e-01
1381 9.999995314044e-01
1382 1.000000223207e+00
1383 1.000000002122e+00
1384 1.000000001480e+00
1385 9.999999893677e-01
1386 1.000000163428e+00
1387 1.000000420794e+00
1388 9.999997519429e-01
1389 1.000000001097e+00
1390 9.999999987064e-01
1391 9.999999983259e-01
1392 9.999999585832e-01
1393 9.999988554466e-01
1394 9.999998328797e-01
1395 1.000000003076e+00
1396 1.000000001902e+00
1397 9.999999992703e-01
1398 9.999999559134e-01
1399 1.000000301847e+00
1400 9.999999032957e-01
1401 9.999999997202e-01
1402 1.000000000034e+00
1403 9.999999979942e-01
1404 9.999999030286e-01
1405 9.999990816034e-01
1406 9.999997902779e-01
1407 9.999999996303e-01
1408 1.000000000065e+00
1409 1.000000001272e+00
1410 9.999997531296e-01
1411 9.999987824185e-01
1412 9.999998719243e-01
1413 9.999999996850e-01
1414 1.000000001722e+00
1415 1.000000006754e+00
1416 9.999997675302e-01
1417 1.000000174854e+00
1418 1.000000014456e+00
1419 9.999999987009e-01
1420 1.000000000330e+00
1421 1.000000001772e+00
1422 9.999995085924e-01
1423 1.000000613288e+00
1424 9.999997286007e-01
1425 9.999999965684e-01
1426 9.999999995727e-01
1427 1.000000001171e+00
1428 9.999997020546e-01
1429 1.000000934157e+00
1430 9.999999235294e-01
1431 1.000000000207e+00
1432 9.999999995309e-01
1433 9.999999974990e-01
1434 1.000007450067e+00
1435 1.000004469590e+00
1436 1.000000052658e+00
1437 1.000000001619e+00
1438 9.999999961106e-01
1439 1.000000028093e+00
1440 9.999998192869e-01
1441 9.999995314044e-01
1442 9.999997622546e-01
1443 9.999999722428e-01
1444 1.000000008327e+00
1445 1.000000004846e+00
1446 9.999997940098e-01
1447 1.000000826978e+00
1448 9.999999366082e-01
1449 1.000000014517e+00
1450 1.000000000352e+00
1451 9.999999992414e-01
1452 9.999996626221e-01
1453 1.000000068274e+00
1454 9.999999618545e-01
1455 1.000000000994e+00
1456 1.000000000125e+00
1457 1.000000001709e+00
1458 9.999995080357e-01
1459 9.999995314044e-01
1460 9.999998481490e-01
1461 1.000000019139e+00
1462 9.999999984155e-01
1463 1.000000000975e+00
1464 9.999995643790e-01
1465 1.000000125342e+00
1466 9.999999697036e-01
1467 1.000000000405e+00
1468 9.999999998870e-01
1469 9.999999988255e-01
1470 9.999997498851e-01
1471 1.000000147841e+00
1472 9.999999282757e-01
1473 9.999999990186e-01
1474 1.000000000740e+00
1475 9.999999998126e-01
1476 9.999999916153e-01
1477 9.999978274005e-01
1478 1.000000138562e+00
1479 9.999999858038e-01
1480 9.999999993271e-01
1481 1.000000000066e+00
1482 9.999999908731e-01
1483 1.000000191135e+00
1484 9.999997973949e-01
1485 9.999999986243e-01
1486 1.000000000262e+00
1487 9.999999980620e-01
1488 1.000000092310e+00
1489 9.999999805042e-01
1490 9.999998750430e-01
1491 9.999999994029e-01
1492 9.999999992459e-01
1493 9.999999966196e-01
1494 9.999999730386e-01
1495 9.999996418755e-01
1496 9.999996051760e-01
1497 9.999999968127e-01
1498 9.999999999238e-01
1499 9.999999993585e-01
1500 9.999999980786e-01
1501 9.999993236098e-01
1502 9.999997740539e-01
1503 1.000000002371e+00
1504 9.999999992318e-01
1505 1.000000002653e+00
1506 9.999998659756e-01
1507 9.999996623568e-01
1508 9.999997720758e-01
1509 1.000000000831e+00
1510 9.999999997726e-01
1511 1.000000000674e+00
1512 1.000000016090e+00
1513 1.000000048639e+00
1514 9.999999055205e-01
1515 9.999999999433e-01
1516 9.999999995703e-01
1517 1.000000000005e+00
1518 9.999999644653e-01
1519 9.999995935249e-01
1520 9.999998421923e-01
1521 1.000000000509e+00
1522 9.999999995935e-01
1523 1.000000002053e+00
1524 9.999999935349e-01
1525 1.000000050224e+00
1526 1.000000129064e+00
1527 1.000000000633e+00
1528 9.999999984731e-01
1529 1.000000001443e+00
1530 9.999998863156e-01
1531 1.000000590986e+00
1532 1.000000066156e+00
1533 9.999999998754e-01
1534 9.999999992288e-01
1535 1.000000003187e+00
1536 9.999997487197e-01
1537 1.000000613409e+00
1538 9.999999832408e-01
1539 9.999999991078e-01
1540 9.999999998067e-01
1541 1.000000001043e+00
1542 9.999999029391e-01
1543 1.000000535033e+00
1544 1.000000064590e+00
1545 9.999999998323e-01
1546 9.999999994661e-01
1547 1.000000000157e+00
1548 9.999995405385e-01
1549 9.999980284044e-01
1550 1.000000003543e+00
1551 9.999999985772e-01
1552 1.000000000980e+00
1553 9.999999899047e-01
1554 9.999996309870e-01
1555 1.000000390876e+00
1556 1.000000031090e+00
1557 1.000000000146e+00
1558 1.000000000361e+00
1559 9.999999979961e-01
1560 1.000001449775e+00
1561 1.000001224225e+00
1562 9.999999203020e-01
1563 9.999999971806e-01
1564 1.000000001043e+00
1565 1.000000006550e+00
1566 9.999995619178e-01
1567 9.999995314044e-01
1568 9.999995314044e-01
1569 9.999999941768e-01
1570 9.999999983850e-01
1571 1.000000001684e+00
1572 9.999995314044e-01
1573 9.999995314044e-01
1574 9.999999169302e-01
1575 1.000000003966e+00
1576 1.000000001988e+00
1577 1.000000010231e+00
1578 1.000000136536e+00
1579 9.999999376132e-01
1580 9.999998833552e-01
1581 1.000000002448e+00
1582 1.000000002979e+00
1583 9.999999999485e-01
1584 1.000000053519e+00
1585 1.000000050031e+00
1586 9.999999503489e-01
1587 1.000000095856e+00
1588 1.000000005151e+00
1589 1.000000096398e+00
1590 9.999999913460e-01
1591 9.999998353474e-01
1592 9.999998303366e-01
1593 1.000000000361e+00
1594 1.000000000141e+00
1595 9.999999998666e-01
1596 1.000000010181e+00
1597 9.999998886841e-01
1598 9.999999824397e-01
1599 1.000000000355e+00
1600 9.999999998034e-01
1601 9.999999989191e-01
1602 1.000000135070e+00
1603 9.999996933869e-01
1604 9.999998412923e-01
1605 9.999999985793e-01
1606 1.000000000406e+00
1607 1.000000001288e+00
1608 1.000000061835e+00
1609 1.000000110139e+00
1610 9.999999171320e-01
1611 9.999999975513e-01
1612 9.999999982642e-01
1613 9.999999999978e-01
1614 9.999999758879e-01
1615 1.000000065106e+00
1616 1.000000006837e+00
1617 1.000000001077e+00
1618 1.000000000098e+00
1619 1.000000000884e+00
1620 1.000000026978e+00
1621 1.000000286732e+00
1622 1.000000083342e+00
1623 9.999999980959e-01
1624 1.000000000081e+00
1625 1.000000001127e+00
1626 1.000000002335e+00
1627 1.000000443539e+00
1628 1.000000038768e+00
1629 9.999999989043e-01
1630 9.999999998828e-01
1631 1.000000000860e+00
1632 9.999999625039e-01
1633 1.000001240583e+00
1634 1.000000103380e+00
1635 1.000000089480e+00
1636 9.999999965568e-01
1637 1.000000088298e+00
1638 9.999998831235e-01
1639 1.000000320789e+00
1640 1.000000157184e+00
1641 1.000000000860e+00
1642 9.999999978727e-01
1643 1.000000000504e+00
1644 9.999995652794e-01
1645 9.999995314044e-01
1646 9.999995314044e-01
1647 1.000000011739e+00
1648 1.000000000633e+00
1649 1.000000003021e+00
1650 1.000000065053e+00
1651 1.000003433870e+00
1652 9.999943378121e-01
1653 1.000000020259e+00
1654 1.000000000117e+00
1655 1.000000001044e+00
1656 1.000000117956e+00
1657 9.999999120129e-01
1658 1.000000014013e+00
1659 1.000000002915e+00
1660 9.999999966417e-01
1661 1.000000000008e+00
1662 1.000000040762e+00
1663 9.999998610404e-01
1664 9.999999457033e-01
1665 9.999999993376e-01
1666 9.999999993142e-01
1667 9.999999966622e-01
1668 1.000000011222e+00
1669 9.999996142335e-01
1670 1.000000048000e+00
1671 1.000000000310e+00
1672 9.999999990280e-01
1673 1.000000000587e+00
1674 1.000000077716e+00
1675 9.999997539039e-01
1676 9.999999776798e-01
1677 9.999999979436e-01
1678 1.000000005823e+00
1679 9.999999997978e-01
1680 9.999999122510e-01
1681 9.999997769883e-01
1682 1.000000094175e+00
1683 9.999999998615e-01
1684 9.999999990258e-01
1685 1.000000001918e+00
1686 9.999999680587e-01
1687 1.000000475167e+00
1688 9.999999800565e-01
1689 9.999999968254e-01
1690 1.000000000450e+00
1691 9.999999987921e-01
1692 1.000000060645e+00
1693 1.000000283589e+00
1694 1.000000146002e+00
1695 1.000000000492e+00
1696 1.000000001952e+00
1697 1.000000002080e+00
1698 1.000006706582e+00
1699 1.000004509596e+00
1700 9.999999386689e-01
1701 9.999999999006e-01
1702 1.000000000689e+00
1703 1.000000027548e+00
1704 9.999995314044e-01
1705 9.999995314044e-01
1706 9.999999205164e-01
1707 1.000000004791e+00
1708 9.999999970756e-01
1709 9.999999849985e-01
1710 9.999999536852e-01
1711 9.999968872269e-01
1712 1.000000207628e+00
1713 9.999999865592e-01
1714 9.999999990767e-01
1715 1.000000000384e+00
1716 1.000000103917e+00
1717 1.000000259541e+00
1718 1.000000060582e+00
1719 1.000000001870e+00
1720 9.999999985452e-01
1721 1.000000002121e+00
1722 9.999999952230e-01
1723 1.000000320036e+00
1724 1.000000129180e+00
1725 9.999999984187e-01
1726 1.000000004995e+00
1727 1.000000005741e+00
1728 1.000000370396e+00
1729 1.000000141301e+00
1730 9.999999410924e-01
1731 9.999999974613e-01
1732 9.999999949512e-01
1733 9.999999998075e-01
1734 9.999999452743e-01
1735 9.999986729705e-01
1736 1.000000100827e+00
1737 1.000000001713e+00
1738 9.999999971664e-01
1739 9.999999946599e-01
1740 1.000000081172e+00
1741 1.000000373973e+00
1742 1.000000164928e+00
1743 1.000000003365e+00
1744 1.000000003772e+00
1745 9.999999987959e-01
1746 9.999997564803e-01
1747 9.999995314044e-01
1748 9.999995314044e-01
1749 9.999999887231e-01
1750 1.000000004381e+00
1751 1.000000001073e+00
1752 1.000000096968e+00
1753 9.999995314044e-01
1754 1.000000221622e+00
1755 1.000000001102e+00
1756 1.000000004957e+00
1757 1.000000013281e+00
1758 1.000000504105e+00
1759 9.999999089594e-01
1760 9.999999590091e-01
1761 1.000000003092e+00
1762 1.000000006773e+00
1763 9.999999978350e-01
1764 1.000000408613e+00
1765 9.999992952587e-01
1766 1.000000018836e+00
1767 1.000001510935e+00
1768 9.999999905445e-01
1769 1.000001513814e+00
1770 1.000000371652e+00
1771 1.000000114371e+00
1772 1.000000029884e+00
1773 9.999999982061e-01
1774 1.000000004141e+00
1775 1.000000000132e+00
1776 1.000000078947e+00
1777 9.999995314044e-01
1778 1.000000079288e+00
1779 1.000000003308e+00
1780 1.000000002218e+00
1781 9.999999994626e-01
1782 1.000000267448e+00
1783 1.000002147409e+00
1784 9.999967172329e-01
1785 1.000000002057e+00
1786 9.999999899445e-01
1787 9.999999989266e-01
1788 1.000000516729e+00
1789 1.000000009714e+00
1790 1.000000037059e+00
1791 1.000000001183e+00
1792 9.999999991625e-01
1793 1.000000001298e+00
1794 9.999996900157e-01
1795 9.999995732936e-01
1796 1.000000129336e+00
1797 9.999999988817e-01
1798 9.999999898952e-01
1799 9.999999917435e-01
1800 1.000000163537e+00
1801 9.999995314044e-01
1802 1.000000086868e+00
1803 1.000000002531e+00
1804 1.000000022605e+00
1805 9.999999900187e-01
